0 27002
1 0
2 0
3 3
4 0
5 0
6 0
7 5
8 4
9 1
10 0
11 0
12 0
13 0
14 0
15 1
16 0
17 0
18 0
19 0
20 11
21 0
22 0
23 0
24 5
25 1
26 0
27 0
28 0
29 0
30 84
31 0
32 0
33 0
34 0
35 0
36 4
37 0
38 0
39 0
40 0
41 0
42 0
43 0
44 0
45 0
46 0
47 0
48 0
49 0
50 0
51 0
52 0
53 0
54 0
55 0
56 0
57 0
58 0
59 0
60 0
61 0
62 0
63 0
64 0
65 0
66 0
67 0
68 0
69 0
70 0
71 0
72 0
73 0
74 0
75 0
76 0
77 0
78 2
79 0
80 0
81 0
82 0
83 0
84 1
85 0
86 0
87 0
88 0
89 0
90 4392
91 6
92 39
93 69
94 233
95 143
96 189
97 196
98 373
99 327
100 660
101 311
102 678
103 604
104 883
105 1123
106 1539
107 1610
108 2855
109 4965
110 10992
111 50110
112 67759
113 68338
114 41067
115 72571
116 83742
117 138241
118 75150
119 34446
120 82685
121 1035
122 352
123 73
124 843
125 2196
126 893
127 295
128 1043
129 497
130 489
131 252
132 477
133 363
134 112
135 745
136 45
137 63
138 75
139 38
140 277
141 71
142 1
143 104
144 60
145 118
146 12
147 60
148 1
149 0
150 2276
151 0
152 2
153 0
154 2
155 7
156 1
157 0
158 0
159 22
160 1
161 33
162 0
163 19
164 5
165 13
166 0
167 8
168 1
169 3
170 23
171 6
172 0
173 0
174 0
175 0
176 0
177 0
178 0
179 0
