0 22217
1 2500
2 1152
3 2271
4 2235
5 1887
6 1912
7 2140
8 2889
9 1881
10 2641
11 1748
12 2083
13 2705
14 2417
15 7798
16 12738
17 16736
18 15526
19 17989
20 20746
21 37718
22 37367
23 27462
24 30606
25 30840
26 21402
27 15909
28 8081
29 8839
30 4631
31 4357
32 2604
33 2616
34 1457
35 1352
36 1401
37 985
38 982
39 843
40 882
41 756
42 576
43 750
44 569
45 614
46 526
47 427
48 473
49 498
50 294
51 388
52 340
53 349
54 558
55 326
56 365
57 294
58 414
59 267
60 388
61 262
62 361
63 317
64 284
65 195
66 300
67 332
68 225
69 311
70 292
71 405
72 328
73 444
74 546
75 374
76 247
77 437
78 697
79 240
80 330
81 612
82 394
83 214
84 556
85 376
86 164
87 490
88 475
89 407
90 123
91 225
92 436
93 358
94 333
95 417
96 500
97 270
98 75
99 367
100 461
101 219
102 94
103 144
104 294
105 294
106 352
107 241
108 75
109 576
110 120
111 354
112 202
113 218
114 323
115 161
116 262
117 207
118 474
119 127
120 327
121 63
122 471
123 163
124 241
125 134
126 205
127 303
128 221
129 304
130 155
131 395
132 291
133 121
134 59
135 515
136 119
137 98
138 239
139 334
140 378
141 74
142 319
143 233
144 173
145 421
146 322
147 180
148 108
149 278
150 104
151 343
152 88
153 363
154 158
155 210
156 147
157 273
158 555
159 236
160 103
161 363
162 151
163 403
164 171
165 202
166 292
167 657
168 325
169 80
170 270
171 236
172 257
173 916
174 366
175 541
176 293
177 197
178 159
179 620
180 248
181 769
182 27
183 319
184 644
185 191
186 351
187 783
188 553
189 259
190 442
191 236
192 571
193 378
194 431
195 283
196 651
197 595
198 403
199 609
200 351
201 391
202 292
203 227
204 289
205 787
206 99
207 706
208 100
209 863
210 619
211 574
212 455
213 652
214 522
215 396
216 435
217 210
218 429
219 1156
220 753
221 224
222 643
223 809
224 921
225 349
226 161
227 269
228 1887
229 559
230 1614
231 597
232 401
233 840
234 154
235 140
236 315
237 502
238 1082
239 406
240 221
241 1846
242 410
243 258
244 802
245 169
246 1614
247 1423
248 454
249 1049
250 23
251 1476
252 0
253 0
254 0
255 316808
