550 140
551 139
554 139
555 140
563 140
564 141
569 141
570 142
571 142
574 145
574 146
587 159
588 159
589 160
593 160
594 161
597 161
598 162
599 162
600 163
603 163
604 164
605 164
606 165
607 165
608 166
611 166
612 167
613 167
614 168
615 168
616 169
618 169
619 170
620 170
621 171
623 171
624 172
625 172
626 173
627 173
628 174
629 174
630 175
633 175
634 176
635 176
636 177
637 177
638 178
639 178
640 179
641 179
643 181
644 181
646 183
647 183
648 184
649 184
650 185
651 185
652 186
653 186
654 187
655 187
658 190
659 190
660 191
661 191
663 193
664 193
665 194
666 194
667 195
672 195
673 196
677 196
678 195
683 195
684 196
685 196
686 197
687 197
688 198
689 198
698 207
698 208
701 211
702 211
705 214
705 215
706 216
706 218
707 219
707 220
708 221
708 222
723 237
723 238
725 240
725 241
726 242
726 244
727 245
727 247
728 248
728 250
729 251
729 252
730 253
730 254
732 256
732 257
733 258
733 263
732 264
732 272
733 273
733 274
736 277
736 278
737 279
737 281
738 282
738 284
739 285
739 286
740 287
740 288
741 289
741 290
742 291
742 292
743 293
743 294
744 295
744 298
745 299
745 301
746 302
746 305
747 306
747 307
748 308
748 310
749 311
749 312
750 313
750 314
751 315
751 316
752 317
752 321
753 322
753 323
756 326
756 327
758 329
758 330
759 331
759 332
760 333
760 334
762 336
762 337
763 338
763 339
764 340
764 341
765 342
765 343
766 344
766 345
767 346
767 348
768 349
768 363
769 364
769 365
770 366
770 369
769 370
769 387
768 388
768 392
767 393
767 399
766 400
766 401
765 402
765 414
766 415
766 425
765 426
765 430
764 431
764 434
760 438
759 438
759 439
758 440
758 443
757 444
757 445
756 446
756 447
755 448
756 449
756 452
753 455
753 456
751 458
751 459
750 460
750 463
749 464
749 468
748 469
748 472
742 478
742 479
741 480
741 481
740 482
740 483
739 484
739 485
738 486
738 488
737 489
737 492
736 493
736 495
733 498
732 498
729 501
729 502
727 504
727 505
725 507
725 508
722 511
722 512
721 513
721 514
722 515
722 516
723 517
723 519
721 521
720 521
719 522
715 522
714 523
713 523
711 525
710 525
709 526
709 527
708 528
708 531
710 533
710 534
709 535
709 536
707 538
706 538
705 539
700 539
698 541
697 541
692 546
692 551
691 552
691 553
685 559
680 559
678 561
678 563
674 567
673 567
671 569
670 568
669 568
668 567
665 567
664 568
663 568
662 569
661 569
660 570
658 570
657 571
656 571
655 572
654 572
652 574
651 574
648 577
648 578
646 580
645 580
644 581
642 581
641 582
639 582
638 583
633 583
632 584
631 584
626 589
626 591
627 591
628 592
629 591
630 591
632 593
629 596
627 596
626 595
620 595
619 596
618 596
617 597
616 597
613 600
612 600
611 601
610 601
609 602
608 602
607 603
602 603
601 604
600 604
599 605
598 605
597 606
593 606
589 610
564 610
563 611
552 611
551 612
550 612
549 613
544 613
543 612
540 612
539 613
532 613
531 612
521 612
520 613
519 613
518 614
500 614
499 613
498 613
497 612
494 612
493 611
488 611
487 610
484 610
483 609
482 609
481 608
480 608
479 607
478 607
476 605
475 605
474 604
473 604
472 603
470 603
469 602
468 602
463 597
462 597
461 596
459 596
458 597
454 597
453 596
450 596
449 595
448 595
447 594
446 594
445 593
442 593
439 590
438 590
437 589
436 589
435 588
432 588
431 587
416 587
415 586
414 586
410 582
409 582
407 580
406 580
405 579
404 579
399 574
399 573
397 571
397 568
398 567
398 566
395 563
394 563
393 562
392 562
391 561
390 561
389 560
388 560
382 554
382 553
380 551
380 550
378 548
378 547
377 546
377 544
376 543
376 542
375 541
375 540
371 536
371 535
368 532
367 532
365 530
364 530
363 529
362 529
361 528
356 528
355 527
354 527
352 525
351 525
344 518
343 518
342 517
342 516
340 514
340 513
338 511
337 511
332 506
332 505
331 504
331 503
328 500
328 499
327 498
327 496
326 495
326 494
323 491
323 490
322 489
322 488
321 487
321 486
320 485
320 484
318 482
318 481
317 480
317 478
316 477
316 476
315 475
315 474
314 473
314 472
313 471
313 466
311 464
310 464
307 461
307 451
306 450
306 449
305 448
305 434
304 433
304 432
302 430
302 429
301 428
301 427
302 426
302 425
303 424
303 420
304 419
305 419
307 421
307 422
308 423
308 426
307 427
307 430
308 431
309 431
311 429
311 425
310 424
310 420
309 419
309 417
308 416
308 412
307 411
307 409
306 408
306 402
304 402
304 409
305 410
305 411
304 412
303 412
302 411
301 411
299 409
299 403
298 402
298 401
299 400
299 399
301 397
301 396
302 395
301 394
301 393
300 392
300 391
299 390
299 389
298 388
298 387
301 384
304 384
305 383
305 380
306 379
306 372
305 371
306 370
306 369
310 365
310 364
311 363
311 362
312 361
312 360
313 359
313 353
314 352
314 350
315 349
315 346
316 345
316 344
317 343
317 338
318 337
318 333
319 332
319 323
318 322
318 319
319 318
319 316
318 315
318 314
317 313
317 311
316 310
316 308
315 307
315 304
316 303
316 301
317 300
317 298
318 297
318 296
319 295
319 293
320 292
320 288
321 287
321 286
322 285
322 284
323 283
323 281
324 280
324 279
325 278
325 276
326 275
326 274
327 273
327 272
328 271
328 267
329 266
329 258
330 257
330 256
331 255
331 254
332 253
332 252
336 248
336 247
346 237
347 237
353 231
353 230
358 225
358 224
365 217
365 216
366 215
366 214
368 212
368 211
371 208
372 208
383 197
384 197
386 195
386 194
391 189
392 189
394 187
395 187
400 182
401 182
402 181
403 181
406 178
407 178
410 175
411 175
413 173
414 173
416 171
417 171
419 169
420 169
421 168
422 168
423 167
424 167
425 166
427 166
428 165
430 165
431 164
432 164
433 163
434 163
435 162
436 162
437 161
438 161
439 160
441 160
442 159
443 159
444 158
445 158
446 157
447 157
448 156
449 156
450 155
454 155
455 154
456 154
457 153
464 153
465 152
468 152
469 151
489 151
490 150
493 150
494 149
498 149
499 148
500 148
501 147
504 147
505 146
510 146
511 145
512 145
513 144
514 144
515 143
521 143
522 142
532 142
533 141
540 141
541 140
