401 541
400 542
401 541
402 542
403 542
402 542
515 86
514 87
513 87
512 87
511 87
510 87
509 87
508 87
507 88
506 88
505 88
504 88
503 88
502 89
501 89
500 89
499 88
499 89
498 90
497 90
496 90
495 91
494 90
493 90
492 91
491 92
490 92
489 92
488 93
487 93
486 93
485 94
484 94
483 94
482 95
481 95
480 96
479 96
478 96
477 97
476 97
475 98
474 98
473 99
472 99
471 99
470 100
469 100
469 101
468 102
467 102
466 102
465 103
464 104
463 104
462 105
461 106
460 105
460 106
459 107
458 108
457 108
456 109
455 110
454 110
453 110
452 111
452 112
451 113
450 112
450 113
449 114
448 115
447 116
446 116
445 116
445 117
444 118
443 119
442 118
443 119
442 120
441 120
440 121
439 122
438 123
437 124
436 125
435 126
434 125
433 126
434 127
433 128
432 129
431 129
431 130
430 131
429 132
428 133
427 134
426 135
425 136
424 137
423 138
422 139
421 139
420 140
421 141
420 142
419 143
418 144
417 145
416 146
415 147
415 148
414 149
413 150
412 151
411 152
411 153
410 154
410 155
409 156
408 157
407 158
406 159
406 160
406 161
405 162
404 161
405 162
404 163
404 164
403 165
402 166
401 167
401 168
400 169
399 170
399 171
398 172
398 173
397 174
396 175
396 176
395 177
395 178
394 179
394 180
393 181
393 182
392 183
392 184
391 185
391 186
390 187
390 188
389 189
388 190
388 191
388 192
387 193
387 194
386 195
385 196
385 197
385 198
384 199
384 200
383 201
383 202
382 203
382 204
381 205
381 206
380 207
379 208
378 209
379 208
380 209
380 210
379 211
379 212
378 213
377 213
378 214
378 215
377 216
377 217
376 218
376 219
376 220
375 221
375 222
374 223
374 224
374 225
373 226
373 227
373 228
372 229
371 229
372 230
372 231
372 232
371 233
371 234
371 235
370 236
370 237
370 238
369 239
369 240
369 241
368 242
368 243
368 244
367 245
367 246
367 247
366 248
366 249
366 250
366 251
365 252
365 253
365 254
365 255
364 256
364 257
364 258
364 259
363 260
363 261
363 262
363 263
362 264
362 265
362 266
362 267
362 268
361 269
361 270
361 271
361 272
360 273
360 274
360 275
360 276
360 277
359 278
359 279
359 280
359 281
358 282
358 283
358 284
358 285
358 286
358 287
358 288
358 289
357 290
357 291
357 292
357 293
357 294
357 295
356 296
356 297
356 298
356 299
356 300
356 301
356 302
356 303
355 304
355 305
355 306
355 307
355 308
355 309
355 310
355 311
355 312
355 313
354 314
354 315
354 316
354 317
354 318
354 319
354 320
354 321
354 322
354 323
354 324
353 325
353 326
353 327
353 328
353 329
353 330
353 331
353 332
353 333
353 334
353 335
353 336
353 337
353 338
353 339
353 340
353 341
353 342
353 343
353 344
353 345
353 346
353 347
353 348
353 349
353 350
353 351
353 352
353 353
353 354
353 355
353 356
353 357
353 358
353 359
353 360
353 361
353 362
353 363
353 364
353 365
353 366
353 367
353 368
353 369
353 370
353 371
353 372
353 373
353 374
353 375
353 376
353 377
353 378
354 379
354 380
354 381
354 382
354 383
354 384
354 385
354 386
354 387
354 388
354 389
355 390
355 391
355 392
355 393
355 394
355 395
355 396
355 397
355 398
355 399
356 400
356 401
356 402
356 403
356 404
356 405
356 406
356 407
357 408
357 409
357 410
357 411
357 412
357 413
357 414
358 415
358 416
358 417
358 418
358 419
358 420
358 421
359 422
359 423
359 424
359 425
360 426
360 427
360 428
360 429
360 430
361 431
361 432
361 433
361 434
362 435
362 436
362 437
362 438
362 439
363 440
363 441
363 442
363 443
364 444
364 445
364 446
364 447
365 448
365 449
365 450
365 451
366 452
366 453
366 454
366 455
367 456
367 457
367 458
368 459
368 460
368 461
369 462
369 463
369 464
370 465
370 466
370 467
371 468
371 469
371 470
372 471
372 472
372 473
371 474
372 474
373 475
373 476
373 477
374 478
374 479
374 480
375 481
375 482
375 483
376 484
376 485
377 486
377 487
378 488
377 489
377 490
378 489
379 490
379 491
379 492
380 493
380 494
379 495
380 496
381 497
381 498
382 499
382 500
382 501
383 502
384 503
384 504
385 505
385 506
385 507
386 508
387 509
387 510
388 511
387 512
388 513
389 514
390 515
390 516
391 517
391 518
392 519
392 520
393 521
393 522
394 523
394 524
395 525
395 526
396 527
397 528
397 529
398 530
398 531
399 532
400 533
400 534
401 535
401 536
402 537
403 538
402 539
401 539
402 539
403 538
404 539
404 540
405 541
406 542
406 543
406 544
407 545
408 546
409 547
410 548
410 549
411 550
411 551
412 552
413 553
414 554
415 555
415 556
416 557
417 558
418 559
419 560
420 561
421 562
420 563
421 564
422 564
423 565
424 566
425 567
426 568
427 569
428 570
427 571
428 570
429 571
430 572
431 573
431 574
432 575
433 575
434 576
433 577
434 578
433 579
432 580
433 579
434 578
435 579
436 580
437 579
438 580
439 581
440 582
441 583
442 584
443 584
444 585
445 586
445 587
444 588
443 587
444 588
445 587
446 587
447 588
448 588
449 589
448 590
449 591
450 590
451 591
452 591
453 592
453 593
454 593
455 594
456 594
457 595
457 596
458 595
459 596
460 597
460 598
461 597
462 598
463 599
464 599
465 600
466 601
467 601
468 601
469 602
469 603
470 603
471 604
472 604
473 604
474 605
475 605
476 606
477 606
478 607
479 607
480 607
481 608
482 608
483 609
484 609
485 609
486 610
487 610
488 610
489 611
490 612
491 611
492 612
493 612
494 612
495 613
496 613
497 613
498 613
499 614
499 615
500 615
501 614
502 614
503 615
504 615
505 615
506 615
507 615
508 616
509 616
510 616
511 616
512 616
513 617
514 617
515 617
516 617
517 617
518 617
519 617
520 617
521 617
522 617
523 617
524 617
525 617
526 617
527 617
528 617
529 617
530 617
531 617
532 617
533 617
534 617
535 617
536 617
537 617
538 617
539 617
540 617
541 617
542 617
543 617
544 616
545 616
546 616
547 616
548 616
549 616
550 615
551 615
552 615
553 615
554 614
555 614
556 614
557 614
558 613
559 613
560 613
561 613
562 612
563 612
564 612
565 611
566 611
567 611
568 610
569 610
570 610
571 609
572 609
573 609
574 608
575 608
576 607
577 607
578 606
579 606
580 606
581 605
582 605
583 604
584 604
585 603
586 603
587 602
588 602
589 603
588 602
589 601
590 601
591 600
592 599
593 599
594 598
595 597
596 597
597 596
598 597
597 596
598 595
599 595
600 595
601 594
602 593
603 592
604 592
605 591
606 590
607 590
607 589
608 588
609 589
609 588
610 587
611 586
612 585
613 584
614 585
614 584
615 583
616 582
617 582
617 581
618 580
619 579
620 578
621 577
622 578
621 577
622 576
623 575
624 575
625 574
625 573
626 572
627 571
628 570
629 569
630 569
630 568
631 567
632 566
633 565
634 564
634 563
635 562
636 561
637 562
638 561
638 560
638 559
639 558
640 557
641 556
641 555
642 554
643 553
644 552
644 551
645 550
646 549
646 548
647 547
648 546
649 545
649 544
650 543
651 542
651 541
652 540
653 539
654 540
655 541
654 540
655 539
654 540
653 539
653 538
654 537
654 536
655 535
656 534
657 533
657 532
658 531
658 530
659 529
660 528
660 527
661 526
661 525
662 524
662 523
663 522
664 521
664 520
664 519
665 518
666 519
665 518
665 517
666 516
667 516
668 515
667 514
667 513
668 512
668 511
669 510
670 509
670 508
671 507
671 506
672 505
672 504
672 503
673 502
673 501
674 500
675 499
675 498
675 497
676 496
676 495
676 494
676 493
677 492
678 491
678 490
679 489
678 488
679 487
679 486
680 485
680 484
681 483
681 482
681 481
682 480
682 479
683 478
683 477
683 476
684 475
684 474
684 473
684 472
685 471
686 471
685 470
685 469
685 468
686 467
687 468
686 467
686 466
687 465
687 464
687 463
688 462
688 461
688 460
688 459
689 458
689 457
689 456
690 455
690 454
690 453
690 452
691 451
691 450
691 449
691 448
692 447
692 446
692 445
693 444
693 443
693 442
693 441
693 440
694 439
694 438
694 437
694 436
694 435
695 434
695 433
695 432
695 431
696 430
696 429
696 428
696 427
696 426
697 425
697 424
697 423
697 422
697 421
697 420
698 419
698 418
698 417
698 416
698 415
698 414
699 413
699 412
699 411
699 410
699 409
699 408
700 407
700 406
700 405
700 404
700 403
700 402
700 401
700 400
701 399
701 398
701 397
701 396
701 395
701 394
701 393
701 392
702 391
702 390
702 389
702 388
702 387
702 386
702 385
702 384
702 383
702 382
702 381
702 380
702 379
703 378
703 377
703 376
703 375
703 374
703 373
703 372
703 371
703 370
703 369
703 368
703 367
703 366
703 365
703 364
703 363
703 362
703 361
703 360
703 359
703 358
703 357
703 356
703 355
703 354
703 353
703 352
703 351
703 350
703 349
703 348
703 347
703 346
703 345
703 344
703 343
703 342
703 341
703 340
703 339
703 338
703 337
703 336
703 335
703 334
703 333
703 332
703 331
703 330
703 329
703 328
703 327
703 326
703 325
702 324
702 323
702 322
702 321
702 320
702 319
702 318
702 317
702 316
702 315
702 314
702 313
701 312
701 311
701 310
701 309
701 308
701 307
701 306
701 305
701 304
700 303
700 302
700 301
700 300
700 299
700 298
700 297
700 296
699 295
699 294
699 293
699 292
699 291
699 290
698 289
698 288
698 287
698 286
698 285
698 284
697 283
697 282
697 281
697 280
697 279
697 278
696 277
696 276
696 275
696 274
696 273
695 272
695 271
695 270
695 269
694 268
694 267
694 266
694 265
694 264
693 263
693 262
693 261
693 260
693 259
692 258
692 257
692 256
691 255
691 254
691 253
691 252
690 251
690 250
690 249
690 248
689 247
689 246
689 245
688 244
688 243
688 242
687 241
687 240
687 239
687 238
686 237
686 236
685 235
685 234
685 233
686 232
685 232
684 231
684 230
684 229
684 228
683 227
683 226
682 225
682 224
682 223
681 222
681 221
681 220
680 219
680 218
679 217
679 216
678 215
679 214
678 213
677 212
677 211
676 210
676 209
676 208
676 207
675 206
674 205
675 204
674 203
673 202
673 201
672 200
672 199
672 198
671 197
671 196
670 195
670 194
669 193
668 192
668 191
668 190
667 189
667 188
668 187
667 188
666 187
665 186
665 185
664 184
664 183
664 182
663 181
662 180
662 179
661 178
661 177
660 176
660 175
659 174
658 173
658 172
657 171
657 170
656 169
655 168
654 167
654 166
653 165
652 164
652 163
651 162
652 161
651 160
650 160
649 159
649 158
648 157
647 156
646 155
646 154
645 153
644 152
644 151
643 150
642 149
641 148
641 147
640 146
639 145
638 144
638 143
637 143
636 142
637 141
638 140
637 139
636 140
635 141
634 140
634 139
635 138
634 139
633 138
632 137
631 136
630 135
630 134
629 134
628 133
627 132
626 131
625 130
624 129
623 128
622 127
621 126
620 125
621 124
620 125
619 124
618 123
617 122
616 121
615 120
614 119
613 119
612 118
611 117
611 116
612 115
613 116
612 115
611 116
610 116
609 115
608 115
607 114
607 113
606 113
605 112
604 111
603 111
602 110
601 109
600 109
599 108
598 108
597 107
598 106
597 107
596 106
595 106
594 105
595 104
596 104
595 104
594 105
593 104
592 104
591 103
590 102
589 102
588 101
589 100
588 101
587 101
586 100
585 100
584 99
583 99
582 98
581 98
580 97
579 97
578 97
577 96
576 96
575 95
574 94
573 94
572 94
571 94
570 93
569 93
568 93
567 92
566 92
565 92
564 91
563 91
562 91
561 90
560 90
559 90
558 90
557 89
556 88
555 89
554 89
553 88
552 88
551 88
550 88
549 88
548 87
547 87
546 87
545 87
544 87
543 87
542 87
541 86
540 86
539 86
538 86
537 86
536 86
535 86
534 86
533 86
532 86
531 86
530 86
529 86
528 86
527 86
526 86
525 86
524 86
523 86
522 86
521 86
520 86
519 86
518 86
517 86
516 86
